$ANSIBLE_VAULT;1.1;AES256
34363261666134643238313430313432623266343331613533363566646632616338333735616465
3033363565333936633166383233393033333663626563310a366239353337653163366664323862
31393462373362356563636663633834396361306139643136613461636538313636656230653532
6163336165653633630a353437626339393136663933326130336138616334633733373936373830
35666131393131383665626435326530393636373963363262363466383666613665303264373965
39643735613030633761633463363232653861393533336132346435613566633562326238313532
64396636646365636166643863346131666665656531363965613163356631613263393561386465
37316663666332613839333237383233376565633630346535393835333565396433623565396331
38663436636461643236623761323535356233393333663636623636323132393761333666653837
65386533366361623338333133336331306535646437343039326437346161646234353138323065
38336666313432366264633238643662643466363939633936636135303461653235303732643864
36333932393934316361613566363136643439323231666534643130303563653937353530646337
64343463663937363339376331343262353462353262636238393063636664306461393234663739
32356464343233656635323064633261623163313833666637333363386466666436363039333961
39356362353537336538613264373439376135376465353464633830326436646164653236396435
34653136363632363034383233383930373937343363343062383864626638623835363534313734
30373666623765333766326639306630323765343238323265656566313362613738
