$ANSIBLE_VAULT;1.1;AES256
32383730396635373737626233386533616336613236376466353235323163303863646364323664
3163376663343731376162626164396437626165313965320a306662393736396130656466633362
66616566616338633764396531353661623539616630643532353137636335643234663932643038
3038306536303633620a656564356466346632636665623233303162323838633137333237346138
33353330306664366132383266656337363030373738376531323836386239313064653634313664
65343835643966323737633965343031323163303033376565333061316639393630353337633935
33363465363634633737333164623031643563333463393839306239623532326535656336356461
36396461366331653035346437666233383337393666666239363135653837623235366264643666
39393231616332316166323234326162616362386537653638373563666234333064656162346134
64613030633363393962376633323130656336333230316435356231646465313732323233303730
65396261653465623063316463616436323331633261346662653134323465616531353865336132
36323463616134653663393236363236343966353264643933366539363365633866313262663766
33613664303331383662633066323535643531363630343936633736656330323865323734313863
31336335316566333539346639366636303766393238373865313836313632346235623763633538
32346562316664643132303833623839363133636234326337373761646432326236333835323962
30616162323731643730373139666333623231663331306139316431313464306432666463383133
62613634643433333637326135613034633937653233343634386237323362623562
