$ANSIBLE_VAULT;1.1;AES256
65376333626430633965656162653832386533303764613237633465316531613865613766303438
3864646333373730316239373934326338323532323663320a363530663931653762373033363032
61643566656365363164336466613764313766616532636530666334343938666261306165316334
3561326562356430650a623535336265656135326165613962663834343233363064363038313533
65336332366561643064353762346230393066643631643633656161376436343563306534313165
35366165613466323234313534626234353438363634643234356631636439666635663230646131
33636637306636623237313465656134386134353037353534383334653266616661613631656333
39656361363961656364383534383066333033663337316265646437306635363966353533663834
31316334313932346464613933663366366166356631653566616531346664303433333137306134
37636661626262613766643163346336623438653063633832336630363634316265626266346563
34646636656337663661643232383032613336333035316337393565623833653139313432393831
32666636666462643538353838363663303436386538616261393265613138383064336136326238
62333062633335393933616263316239316536353435373631656566353334356537383661306161
38396666366231386637383163316134643566663231356166326163383833653938613166326337
64376533626437636436633365633866313862666264303430653733303262333166383263656430
33373537663332613662396663373135313666653461316638386638323265383238366362316466
36326663623565333231653431303239653735623831646238316334326665653363
