$ANSIBLE_VAULT;1.1;AES256
39373531313931626437306438363436616661393838616664653666356165333761336538396333
6330376661373933376462623831666338356265396235610a363735663465323466353834616636
30643662656333626439366635346237303462383566373139393831656566353131636230663966
3135383432646664370a383834396537303965663836633661663664343238623239663262363235
38326339363137646637326330623266313038343137373562613063633130333437366561346333
39363062376266393139356134643261333430656466383033393235653133333334303166616532
33363566653964636562623832323139346339313233666335636536323834643633633337613032
35363431313563323066366637636635636230646539313932356432336133626266646530306234
66373862663532333562633232313838326630663137613466623736646539306431363231383762
66633434656339623665353736636334303335366231336137306633393262656664343832356436
63323432653966653362626465356661636638303037323131333965323232313234636539303561
31303737646465313062353662653331343436666238653739326337353439616535393537373734
35393338386334343830316263313661326637393534616435666565326236666364666262343434
35383064303561306438386330326339653736333566336364636631353132313930666363626535
66386665663734636530333537383737363435386564363634316566646631396533663338313232
61613862343933613864623961613566613834303766336539623761623533353664333861356564
32383832623730633365343738303165613134363731626536363432313835323636366464343935
39373866303636323837333863623833626133323532376261383131326532306663636634623939
38616363316334633462616632623639653963653335613036333836376561373964323734303031
36656463663738666438326563306638633838316364633130353937363231333865616438636238
62386661663234646131633539313537633736336537333663616337303930643363346564626333
30623865313763303337303064633764306531616438383532613638656163353066656630636637
38373762376663653439343730303563623237646362303466366263323363356537313339666636
32306330646330646535326266393537646639313234633239363063383063393636386664346134
38313365336539653432643737393264323130336130393761666461356230666533663365303536
62643130383233623061636562623566623639383534313063376134653832363565373235373937
31646437323464656332346430653032623466363038373765653531373365643539336431333835
66346333643663376233653236373337613933313166356239653830386236336336326364393164
36363735323435313832666637633766623965343935623334343339613539666463613633373861
32356235306530643764373061356437663664386663343866303064323038643836626237613933
61393731366465633664633538353239626538326133313933353636353237666265353531633639
39373464616631323534326635386164656138323836303466386634323064643437383033623335
38626265396666383232646238633833333034613436363030656138353730376662613761373863
64613765326462373561666165653062383330663636393137613634633365333836383831313133
643861393964373265346562386130323834
