$ANSIBLE_VAULT;1.1;AES256
38623735303132646139356230303061663037366362663462326663623963303533623737376165
3165366430623863303437646465383366633064393730300a303836326639326261633739336236
33666362643636366465383434386235386533383465313036633331313731616336626264333437
3035373937383964300a313037323639313432316334323636353632643835656132653835373565
39363563343338613134306536383262333430393761353236313866653230623661313165646231
34633338336563396465313933316139383833623731653966636431343533326166616230653562
31323566363163643666303461303036393133373762643430633632383737356266306237303937
33653961616632343464383161353134363466303739343530646461383734313930663935633333
64383135323230656330383839323737616136656134343333393233333636323938343864613533
34646563386532396631323034303863313066353633326561643839366133656437353539383664
37653436376233353239313939626131666635316636363930313564393337373535366434313731
37306231383035626166643430313663626234613064346463373934646630323565653337343733
63623539363436376131376532326330363461373361363962376339396137346438663032623636
65643962356665633762363632303766366130393530323263633432623733343237346637353663
34376631336165626539313865663862353635306539663330663431666532643162383635656630
62326263623966646432383939656566636234383464643663646337386135336632656266306363
62616236353634336466303739303134333465663962306533333237393531616235
