$ANSIBLE_VAULT;1.1;AES256
34643431636561633231646137313935313664636466646533636133323039623331316137353863
3137393065303838353966656437623539383836303138640a336165313062656230363939346464
39303766623433363363383933306639353061316361333133623838383536663938633731623630
3165633332363237650a313534623238306664386235613937316635363631396336336336363335
62366230313839623066613030303063383462353064666361363865613637303433653337383266
62373632303334376537633031346533313737386261393639633932363734636532363936313539
62383532616236323762383431653862333739396635626139316533353037306464343863663730
61666365336362386239396638346664373461306536393334363539343161313938376230653366
65323234343634353435666239376166623162636663653234643638373239353233306336633663
66396632666132333662383736303164613531656136646538373538363332336337643166663933
64316261326464316636303931363534303864326262326436316330623738333337333735303266
66373262613530383061326466613666363230623132366336316266316265363030393234643631
63366635373265616239613936656237313936653634313730633430386164393631373637393738
61326664646430306265393061643435383639346661663361303233313861666534306563376461
66633030323962613136663432326266666438333238336163613433373739626238613736623338
61376130643662356162363938623163313539333533333831316631623266653039343730663239
63363465333136666134316166396565633362393265326438663465306132613236336364366635
64383538383361346464653336323538663062643232613566343163663062643765386236383034
313833326363333537653932363933323633
