$ANSIBLE_VAULT;1.1;AES256
36633761656161393731363032306139656436313530623037396438353863393361626437633432
3265616236396536353364313963323465623137376133370a336262376166336437376535376334
31346163666530633839646266356565353531303864643233626665623431373963653337323161
3665623831373835640a633463653566613231643662323132343530646537383764653065373538
62633465616139613736396534626263376465613337663339623365623932646562306131313830
31616539623133383130356230643637356361613163646332383931623335306661363035353762
32656235633064336232313336626630373666633032393366396461633765346465633464376566
61363062386161376237353262643234663839363436613631346466303861636232626132373165
37323139623961613237313962333566633233343938623134643939356338623961363166383734
33633163383737613439353436363264323665393535386232346262633561373839656331383066
38633334666566613939613262363364313430313230616630653231626136323834646631663535
61343761626163656365313266363838366139363039396164643566383864383535303630623037
33343039336465343065663463643061613434616439336562313266616633613465326461323636
66333964633337333464643536616435346165386463376339353733633463643635346361336630
65356135623164323833623438653539363764323164366266366532343339313061333763623539
30356136313838316435323731656130363538383637363739306236623131636638623861653963
38623361663339386664393462666364383032393166373463656439343939393962
