$ANSIBLE_VAULT;1.1;AES256
66386637393831303334363136323836653533613761306630363163616135356239376438343164
6232366363653835653836646232313165333862613361330a363935656563383335353262393734
39663138383938326166393034363064396362363662316263613263646464373562393433313565
6437306566346436610a656435663666626139373263356238643434396137343439666338326432
30353234336538333063333536393861323433613130613739656130636332303266396431613437
36653565333834623230353936666435313438343936623031336166393839323138353834626261
33616536633438396634323237353337636164336631383337326135366466386232646332626636
61623563613139626536383961306364663330343938323364633437326537383838623530626365
61353036333838303631666161333233353837663137323238326366653634616462376330373733
32303132656266656237306432653162356361643432343532313431356231653133396631663535
38316537393664663532386638313633646130363733656664343964323538376638663035653866
64366630656335396332356132316565313033643434386434353735353939663264313265376662
32653134333432386263343432306166333432393735353962666362626639393166643630363164
38646366313433356463373738646365623332623232393030313233663064303735326466333565
61303662396664313865396466313263663837623534653265663063356630386164653564653661
63396664663434666332393333623434636364346338663236666137646433386534323031323534
64313665346332613065316132383830336465333563313839373361323638663832
