$ANSIBLE_VAULT;1.1;AES256
63623462333037336462393433613361653435373231393665306630663061376362333239366463
3539646634306636353863656262616163383265383361370a383262326533633934393363366564
63366134313138346162306562633335643361343830356665313465363734346330336261663239
3233343664376462620a336564653132613064363137633939656232653936386135626465383535
36376636616266383462383733343930356561343366326130393637356633383239346537663763
63336437646465626237313962323137616231626332373964363462616536626631663135396537
38303262393536383532623130336334313264616335353163656635393131383866336137363362
65316137373235313537386133366632303264346431346636386436646262366162373837396333
34313031343438616437643365396136656534323233326434643733386634333136363362316637
32646166346366663431366336643138623232653462653933663865373166343332366363373933
36356265366634333761373431656463386336666433376635333335353462656630373434386436
62386462616466633165393461613836333537383831653633623639326135346631356565633837
35653863313532623664663165623530396366373961646537653231366163643232613033633338
61656533333037656234666663633031356366333066643561393433323065323839383739343230
35306635363732643766663837346562653831396132393266663063316366383837386534356337
61663135633933363735653833333732623936613137386630633431346438333262323438396262
64326336383733616663303537393438366361383633326232393936306636663365393739343866
34613230353231333938386233613635333138346232363938316438343635666164643465633962
30376135396237313833343865336666653535343763663439616531373232656137373035663036
62633636623630323933636134333064383233633330336465656262303564616631346166313630
35613964386538653966323831623832326261616162623063333737613234633132626363356532
63396439353133393562363262373439356665646634386631363637613864343330333537643364
32643638626466373362626233653532656232363461326434656363356364626435363332623732
38353936623165346635383433666263646533353332633630653238353437356666363163373263
39393662623739326164626461343530323762636364336539366233383834663439313338356335
38636362306131313137383838333632663135333163306437633864346134623532656261616162
33363462643135396232376262663934383832333233316430393766636562373834356134363333
62613336646163633536623436643637333430323933663062373735656638383262373133353638
32616436643439626138393562396239353263393436643265663062643538356364656436343963
39346261383666613431663533653636363962666237376230393761633430353334326434336633
30343066373366633865623535346430353862333731643036623031363930313363306463623937
61313936323261643464626261323834643039353762663237356536623862336431396561646261
32356632306364623533633438366432373536653032373737353661646530383430323562363639
35393864343366646231386630383233373336613038633738616164366230366565353538613730
33623764653165633965313133653236376133306532646263643238343733366534386134376333
63323631336262386565373066303633323138656439383331356638653365653365353437306637
39363930366233356566376132346232313132646436623466653934343336343631353631336361
3661663863623536373132363131616661336164396565636362
