$ANSIBLE_VAULT;1.1;AES256
61333761636137326665656439306437343064356566373665333739346163613931656638376366
3231623330623833393863633633326231386261663566320a646465633566383434313438313066
34366133626438653939326364383262353139313938366461393239313065373966356639353263
6438343836373235620a636538356431353233376266633439366635323137356537336563613033
61393537633931343362633962666234356230303136653462383635333239373335633538306134
34346234313132373061303431613135643237313366333965643039386331393862653132666262
30653265616564616566353566386266376562396634653264353233653336653037386436346337
64653737313834316631626631613363656533636263363064323361663032663665363139356635
32613864336165373463633537383931643732643131613438383966633963303934326461303162
37663130356566613264313136333864303333366333356234303937633035383564376563633734
32643062336562363433653162356530306466323566313365646334316338353434383533393138
63313936633634323465373663653363663461316630653539356163633937663133316363386433
64336339346666393666363230663832383266353266643637323634623032353338626330646133
30373839336264333438373865366638643731636163623666363530646135323566333361656161
63343762633266356136353731643432343536633238383235646137323465373931343632373637
63613866316133376335366636616137633230356530306464663435316162383765306636333865
65613239643862633335326330653264376639636264656565313730393232363761
