$ANSIBLE_VAULT;1.1;AES256
35343330613933656563656565653136643162386165323233373166376237313036643037616265
6334376165633762633932643437353164396266363162380a663064646666626563323731346464
63323466333730636366346435616161323266386430353162396530346137653332653935303364
6636646565376433300a353264396366373832663865343761306266363462373933363239383037
39653735666533653536333164303062666436653134306532613463643332386637653262383434
65323636666630396439363266643161623834396335656331613436656562363532373765326433
30326633616263356366326663656135616439623364356136316466336166663961333131653137
32323136663634373532383030386133356461346437336139613061636361363865643337323137
62343031353835393563633231663265356164333739636236313836616532373062313537646136
34313038653437653234646531653834353431373934343963616633633761636130356331376163
32383734386331643763316565653766633839376466623935333730393934336235353437303531
31663732666233326163393564323231336431343465303335653038343066336666343766343765
66316334373731333535333033313736313430633363613033323435343135353561323061376562
33663139353838383466666165353431376232383165376431323838386635363535306265633962
35643339313735313037373134626533393836623934626631333034373933616536333534393163
32646534663264303839376564396339623266396532386533383037323362323435386265613335
36323362373464356431623762646166393135376237323135393331653864613263653230393730
3262353838393463323039366431386462656262313434373534
