$ANSIBLE_VAULT;1.1;AES256
31333934323166363664343665356430386466353836336665306335643236393834396531336230
6462306465366562376631366365633530343135666431340a363366316332393338376336336664
33663839613337376565363636626566383238363332663233376137383636343463646432643738
3763306563373934320a336233306231366635363634613538363136346462386536653063356433
36336235343237613534313665336562656330336263313464383465363662313362353336386139
37336438366336313966313232643164346331306536366233363938393733633833366634663531
62383433663537316230376166303063373166653437393637613866396134633334386433626431
38643835376531633533653831373736373365323666653536353863353230303933626534616438
64656432663861376236346261666363383831303163653665643339323733376333663561303464
65303130333366646561333439396536326538313030616139643665653334353130326634643764
62653564333633613435343431376338383036333533663235663164323735623234343135376330
34333665373932633530346433323636313037656462303863333835313261663937636263653938
35313938333336613636356330366161653265633736633030393666376137613436343165353038
30303464653037356632333435356435393739373731396566343238633738643637353938666231
32383432656535616366326632326530633663323533313164636539323461393338633562663735
62613932313330313130616333303834613738346664616131313738643962663234613032633765
31663735666365316436363665326663653331326362623961633766393938353137383835366362
62356261623039663935373262363332313431623539396635613464343864303539626239663261
37303835353839363033323334353064626233646632376466623832316630613965383033313330
39666337383065366663323830366133383033663236346234353865363866393666323561383035
63333337333761353563613130353261323564636166353436313335663563383665646232313662
38613361316562666234613838616338666164666362636135343636313731306166396132326233
30386164653834383062626566363564336263323533306633623561303638656236643864643933
33623835613366616363626533613838663731326366373134626165343066356661393032333932
30333436376361343038643633363138613339366266636235356337623064636262626133386461
32636562616138363739373437636561616531346335653034643763653232326538316437656365
61656138393166323964313134323437303964356130363332393637393932346235376532633334
37383834666638356139353063303762633664343631393832353763303466323162383361383531
32666462343235636138333039633964666333623138303862613264356566336437343634303863
30613334353536383430646130396239633330663762653564633463373937653765363930343632
34643333396234333431363562373234633634653830323430323735333862656666383365633936
61616437316162636232633731613964373965653334336462323436313865376635316138383532
63303763323265383831343135613563393932353062323239666261623131663863303838656264
61303061663762646466363064313233663462633866353539663734353831303663636431353663
65316464303363343862336637393364333361333862363839333031656161643531616636633138
37646531356566383633386236343661333135346166376236646633653262316365643763653634
61303134373262356336623334333533346235326134666131646137623539353538323238623965
64633537383365373233633533373439383330303630356564613162623935303664373862366532
65333439656532623937346537323065373135303339333836373965393631343561663762646534
30313366396261633361633339613639343463346562333863306335316561656562376465323033
35306132353965616434643935313531663635376334666432396136393338383239313933363063
62623035373266663961393038366565626334373139643034623834643964373061663065303231
61613331396265373734366162656466373036376132343932373639393035346663363539316663
62643637303261353963306364633139383737306134663535313130383933303666656135616138
33393232376464633637383465336233626232643330396538333366643539633961363637383662
38363664353964623162353533373764343739363235653561333562343063363462373238366663
37643634363134316335323464343938663265656666396532303364383531343534383132623234
39316334653864643034653162373936323061636539626437616461376434616166386537363433
35343934356534333832323764623033333165633964363639336565396334653939343338623334
31333562333366386162326235353364386162386166626264633164613133643165343462613837
64663731313133326466643832363062303166396665643635373532303037346538653662663066
65316264343064326230623665363161376662386461393064643366326536363735653966633436
65393531346330333631666132656266623561306466653265613434633261643930353631313737
33656431663830373935346434303365316665383233656531663464633965303666336161353435
39656263336665303838343433633735646564623639333666653734336139353362343130656661
64353061396562363834306234356164653965613563393636303937376534303830656535626665
66363530323565633363323762393135306664363965643738313139643066646165393135393432
38376462316164353531356131346237663838323835383334626138316566306235313537633939
32346661646363336132393261303437356365333630646339333761633465663730336462303439
64333866303930316331613961383436336536333135303633336263383564613762656266373964
31356433663137326133373435626136316234366530303765616663356636333965646632306366
33366233396630333861613134306465623831393638323462326635323932386231356361346261
39323232326633313761333539366566643130393162666232303461386363346531656637353266
31373963356163356165396435646564643838326534313363383262636237323563636161656566
64323632663331636631393637353361343738303333333365653138353436663763376138623730
33393665356564353232613237393933646336313938653534656462343864336666346562383264
31653362386635356163343863653638666138623865656539633939393062306461393532326438
64313036393663666261636665373536326232653932363330376639313138663766396436656632
37636464643032346137656265633634353539613166613366313236366137383530383263626535
34616636663665396438383765376563323739386563356132623532633865313733356339336134
34633239373433646239353165323962393935636337323964383035613333323638303262383036
31626163666163363332663864306439656231343663343737633161343935613136663035373763
39303562373765336533393537623532393932653466396138333434643534613161333233643537
65333366383039393265323034346537353462636164653862653164333561376131396432643636
33313639636434613363633231363864313339396561353430656362343763613838343136336139
30366438316664613339363761393632613431326439656431393131373539306437396235623866
32356530333366306632383565636562366266333564653031336531643738623232643066313130
36393261306564623634353863653961363539623930316162333738323333306165323336643339
33363635326561333261396237333730613361613966373363323136353134646638613032396634
66316332333530313333393637643735323431386537336639343233613839646665623062363462
64383236336532666331333736313930363637393535356265383862396432633232353734343434
32636264366163316361356335316163343732626634333035343165343031633237356636613338
35633565643534383631653736303135636465396661656539653566303965346361323135386537
34313237616633323966346435653765306130653265313863386166373163343336656335326132
64616334653730643866396639386163313564636262323166326237333139393738373737633735
65373662313436626138633636633565653533623761303034613737626631306637633032336432
33313231396364306538373664393235646333336362336461303839313962353239373836663261
66666130653836333737306436323337653533343936393937656465623531663935316430613337
33353062363062653630663466373539633830313363616361313665393730666638376433386365
66393866646439343434653830393631343532356636323839373034313365373539643666666238
39313933363738633439376339376463346164633364323431373633346238656561363166393066
63633566306137633065373530313865363730386431633530353831366664393237663062646532
62313534343335366563653738326337383230363434383530663462346566643630643339326333
34613761303234656665393562653035643438326664633237393161616563373731623737376231
343638616636643336336362623833656330
