$ANSIBLE_VAULT;1.1;AES256
37343739383437393434626230386163333064363633623136303164636162646233653234386137
6562633731333336333865646633663130373733653135390a396633313963383363333062373736
64316336386135383664383631656638323932663263373664663039323966656133383465356530
6365393664623130370a303136306261303234613735383532613834396437303663313633656434
32363336616238383664343061393431386361656138333665613238333135316338316562353966
32386134623230393232353736353435633262333461373966343366316438633733326662646433
35353134636537653765336231633338383564653932666232656438623832323764356630383064
39396438353662623136303063343531343836333233373135326533663764646238363137383633
38363362633133373232383463646633616364343966663936323035316161333436326531383030
39663462383461373766356634336631373736633661333762653564373266643363616564666338
34373033356636343431336662343633376564616339396533643531643338643461393632643834
35316437376263326463663436393536353065366438386439396133316132666565623533336464
34306462346266363039336530383166326439336463623836336334336166366531626563373366
65373964653637653661653136343961303337313033396166363137636161366631333732653533
32396166363763626131363366646636663539303866613735633561306163356338323132656537
63336563303930653335663336363633353937333330653437653462613265363039626539633531
30386266386331333465316665376130303535323230343933376230633136656630626435336565
36613830666337363063386462346231626431386164376663666565613562333332386563336334
30303162616333303430313338653437363931376434306663313237346463643465333361313961
38373663343332633036313232393561363735393433313364383432313636353164363032333966
66636638316136393434653563333132363165313064313337633738373962646531636435653730
37346539386662646463343639356139313239376231643033316430313061353234316634356464
30333263383039393964366230643461636137633639333334396466363933646534346630613366
37313462353361613862646336313861373761616238303265393038343838623961636362623262
64643864306134313835336661623330613536666336336262376232393332346132663137366333
66646239366663373066656566616162303964376466636465346534376461346661366638393661
63613937326661643632366337316161313033663335666163396364616331306638613438623632
30623663353830663661353234396666396131366134343439333733306662373532363161346633
34653532633765643137613361323735383031376437333837613866333336396531363035363734
63636466386637333234393034326434643232316638326461373834303132393131646361356263
34653265623234356631373338333866316465383630626463346235333537626665326437306233
37613134303062336163323132376461323831323766626639643139346531663935616662313433
61323365386463306334383436323062353336343763383232616532383034623031336261343935
31633261623866396664636166666330623536386164323436383835646438653632313335656162
64646631316561326262356366306161303639386535346639626636333331643533373134343161
62616331343236636635663365383039623930363034346266383265303139653964313636336261
35353337373535353739356635666533633764373566323565613535613261313032303433303264
34653535306537623364313566323037313230356166636166356538666534653466646664646163
38613165303030343234363737336535353261646632366437356336363866366636323663633964
33656362366634656363383535616461613539643233336333373062316366616438633533333362
38343261643963306438613635346531633966613264623933643432613830636337653736333461
61613939393937643561346539393730383239316335653732366439643734636637633737303130
37303963636562303964306331643332333039613264326231313333343531626265373765303936
37626464663666646433373539356662663165353631376130643637376462643230613363353539
30373834336138666538376562373537633939363262633931636131333438326139613538616335
64353836353962306438333537666638356362346537326566663837306161346561333465326634
37393339366233653661386235633962646239343261306632313135303664326565306436663763
33623432353537346463626261366266353233393363616433336661326236353235643364373665
31386230306436653036333635373963616566333430376663373165373939393935326133343631
39353136323666373533353733316139653734366331623961306532383863393031663362353338
31653033383666356562336265306537616464643533383935323863363539323261366432663739
33633564373664396131643734643036303838633433393934663237313538616335333866323835
32316366616662626531323661643137303863613833653961376530343331623165383838323065
65353138663135633363363438656638656338356632323263633466626331396131343830306263
30666161376434366666383263396361316433613439303335313132303066313034363664336664
32356166653235363138316363613766623764633063343932343333316439353033663438363438
30616336633832646366306665356538343837316435336634326665326561363831363537316166
32643236626665316630663437373332306439373531656439316230393465336434303663653064
62643361646236623735623339363238326232326265366164633466636164326363313335626235
66303864666332636565383863376139623365613032373337626530383264633538393433623331
62366530353361663137663762326534376136626461336233306534313838306637356235633339
63663236323432393234653939383565643330643262643531313237316432396638396466633462
62613561366533353266396139613938356138333965396538343832333336613034383332383330
35353561306536613236386332376433313535373830383030626133336239316561313566346366
35363161343031653930616236643633653234623235643962383334613537346635343763626437
61393138383266386265376635343835656561613430396234636363623236636566336537303738
31303334343435643862663031343835626331646664316538646464303036643839616438646637
64346337356135353661626138316363323266653939326133316262303665373763376630306634
31373538383338613133356662393032363236343962646665386639663538633261623533326665
63643166333165316561386635663731373265316532623334386537356633303130653533653761
37333635303330346563613931666336643536666339636164626235386663333461663863326132
38653864373439623238343565613066386237323739353039343365353062313134383836373733
66613165326233303764353634626531306532623765636534353038393766666534396638383761
61323064653639373830373864313232353032623063626438313235633935396563366261613436
63346136343935313237623135666462663730363666316261353866633239323531313262616661
33653230346134356232343130643262623834373938323534666562306662313865333732386232
34656636383031346637346138613065326433393338626636343935366138633531633365353962
35363932623730613339333236633234633239373130363264366466393532313865643737346135
62656465663764653865313232633533616138336364363063656163623963353062656535326534
64386136616135386138396264303337306265306364616565333537393466623839356438386230
36353037653962363761373263326464343731663366383362383430343138386239613930363361
35343933356562636633643232613633343832386363613161653636323533356133373062376338
33383965643938363035323139353730643138633863653064353462326365623434323236363838
33336235626261353438666332643335356237363839326338393065666636306334653135623639
36363831386135356139623330643237636539633838303038633961303436353433336536386362
63373333343734356234616539353662393130326635356365363139323265623930313037383864
32643438616338663638333063373938386539313566333539663035373533643830613864393730
63343937303664633637613865313034613339623232393164656534386263383664626632303638
39313938346630336437623831363866646331656136626131363534613636613939633437336332
34363462633032323664633164636262356630383938616462383463383561623531363031346265
30336337323664353061663734623530323036323662646637383162376262373262646435396566
39623039666631366638323566306462376238636231353634643864383437333461356432626166
3665
